mean = 1.65094339623 variance = 0.812121751513
mean = 1.65094339623 variance = 0.698914204343

